LobbySpawn:
  world: world
  x: -251.69198426099436
  y: 67.0
  z: 59.63105206414422
GameSpawn:
- ==: org.bukkit.Location
  world: world
  x: -251.69198426099436
  y: 67.0
  z: 59.63105206414422
  pitch: 15.899858
  yaw: 114.7535
- ==: org.bukkit.Location
  world: world
  x: -252.24735616421344
  y: 67.0
  z: 61.258345886702195
  pitch: 2.549868
  yaw: 108.90344
- ==: org.bukkit.Location
  world: world
  x: -252.9425605700008
  y: 67.0
  z: 63.29404102079701
  pitch: 2.549868
  yaw: 108.90344
